epoch	train_acc	test_acc	val_acc
0	0.51357501745224	0.5109333395957947	0.3545333445072174
1	0.6136000156402588	0.6121000051498413	0.41145333647727966
2	0.6826416850090027	0.6822666525840759	0.4480400085449219
3	0.746916651725769	0.7490333318710327	0.48181334137916565
4	0.7948916554450989	0.7943666577339172	0.5139999985694885
5	0.8083666563034058	0.8086333274841309	0.5281866788864136
6	0.8465666770935059	0.8481666445732117	0.5829066634178162
7	0.8507416844367981	0.8516666889190674	0.583893358707428
8	0.8614000082015991	0.8622000217437744	0.6041333079338074
9	0.8969749808311462	0.8967999815940857	0.6266133189201355
10	0.9276666641235352	0.9264000058174133	0.6700000166893005
11	0.93402498960495	0.9334333539009094	0.6834533214569092
12	0.9386249780654907	0.9377666711807251	0.6928266882896423
13	0.9485083222389221	0.9473666548728943	0.7129466533660889
14	0.950166642665863	0.9479333162307739	0.7143333554267883
15	0.9531333446502686	0.951533317565918	0.7101333141326904
16	0.9488750100135803	0.9458333253860474	0.7228800058364868
17	0.9550833106040955	0.9531999826431274	0.7388933300971985
18	0.9584916830062866	0.95660001039505	0.7406799793243408
19	0.9577000141143799	0.9556666612625122	0.733240008354187
20	0.9599416851997375	0.9589333534240723	0.7324666380882263
21	0.9584333300590515	0.9565666913986206	0.7368266582489014
22	0.9595666527748108	0.9571999907493591	0.7472800016403198
23	0.9624416828155518	0.9605666399002075	0.746346652507782
24	0.9647416472434998	0.9633333086967468	0.7657600045204163
25	0.9660999774932861	0.9648000001907349	0.7678400278091431
26	0.9639999866485596	0.9618333578109741	0.7585200071334839
27	0.9705583453178406	0.9698666930198669	0.7774800062179565
28	0.9543250203132629	0.9524000287055969	0.7549200057983398
29	0.9673416614532471	0.9665666818618774	0.7873333096504211
30	0.9677249789237976	0.9660000205039978	0.7782400250434875
31	0.9684749841690063	0.9670666456222534	0.7720266580581665
32	0.9572916626930237	0.956166684627533	0.761573314666748
33	0.9725083112716675	0.9714999794960022	0.797706663608551
34	0.9685916900634766	0.9669666886329651	0.7851466536521912
35	0.9677000045776367	0.9664000272750854	0.7649199962615967
36	0.9684749841690063	0.9671333432197571	0.7770533561706543
37	0.9730916619300842	0.9711999893188477	0.7901466488838196
38	0.9699416756629944	0.9686999917030334	0.7908933162689209
39	0.9708999991416931	0.9696666598320007	0.7963200211524963
40	0.9719083309173584	0.9701333045959473	0.7972933053970337
41	0.9734500050544739	0.972266674041748	0.7981866598129272
42	0.9750583171844482	0.9736999869346619	0.8019333481788635
43	0.9748666882514954	0.9739999771118164	0.8124133348464966
44	0.9738916754722595	0.9725333452224731	0.7934399843215942
45	0.9744250178337097	0.9731000065803528	0.7923200130462646
46	0.9760916829109192	0.9744666814804077	0.8216800093650818
47	0.9717833399772644	0.9707666635513306	0.7843066453933716
48	0.9720249772071838	0.9711333513259888	0.7869600057601929
49	0.9764083623886108	0.9747999906539917	0.8015066385269165
50	0.970466673374176	0.9692666530609131	0.7912266850471497
51	0.9765083193778992	0.9753333330154419	0.8167200088500977
52	0.974091649055481	0.972599983215332	0.8120399713516235
53	0.9719083309173584	0.9710666537284851	0.7905600070953369
54	0.9757999777793884	0.9750666618347168	0.8248800039291382
55	0.9759416580200195	0.975266695022583	0.8091466426849365
56	0.9756166934967041	0.9739000201225281	0.8140933513641357
57	0.9758999943733215	0.973966658115387	0.81194669008255
58	0.973716676235199	0.9729999899864197	0.7909200191497803
59	0.9750499725341797	0.9745333194732666	0.8049600124359131
60	0.9749083518981934	0.9737333059310913	0.78684002161026
61	0.9726999998092651	0.9717333316802979	0.7848799824714661
62	0.9735333323478699	0.972766637802124	0.7950666546821594
63	0.9755333065986633	0.9749333262443542	0.8179333209991455
64	0.9757000207901001	0.9747666716575623	0.8044133186340332
65	0.9737750291824341	0.9731000065803528	0.8098933100700378
66	0.9742083549499512	0.9726333618164062	0.7839066386222839
67	0.9739750027656555	0.9735333323478699	0.791106641292572
68	0.9757000207901001	0.9736666679382324	0.7970666885375977
69	0.9757166504859924	0.9755666851997375	0.8143733143806458
70	0.9765833616256714	0.9755333065986633	0.7923333048820496
71	0.9745166897773743	0.9732000231742859	0.7798399925231934
72	0.9749666452407837	0.9740666747093201	0.8091999888420105
73	0.9797000288963318	0.9787999987602234	0.8213333487510681
74	0.9770083427429199	0.9760666489601135	0.8097599744796753
75	0.9762166738510132	0.9764333367347717	0.8189733624458313
76	0.9746249914169312	0.9739000201225281	0.7916399836540222
77	0.9789583086967468	0.9779000282287598	0.8101999759674072
78	0.977733314037323	0.9761999845504761	0.8039466738700867
79	0.9794833064079285	0.9781000018119812	0.8121866583824158
80	0.9792333245277405	0.9781333208084106	0.8179066777229309
81	0.9786083102226257	0.9771666526794434	0.8040800094604492
82	0.9785166382789612	0.9778333306312561	0.8113333582878113
83	0.9736833572387695	0.9726999998092651	0.7939866781234741
84	0.9777916669845581	0.9771999716758728	0.8066266775131226
85	0.9776416420936584	0.9763333201408386	0.8038266897201538
86	0.9777833223342896	0.9771000146865845	0.8129733204841614
87	0.9760749936103821	0.9744666814804077	0.7830133438110352
88	0.9800249934196472	0.9791333079338074	0.8152666687965393
89	0.9787750244140625	0.9778333306312561	0.8062933087348938
90	0.9779083132743835	0.9766666889190674	0.8059866428375244
91	0.979491651058197	0.9782666563987732	0.8106666803359985
92	0.9741416573524475	0.9736666679382324	0.770359992980957
93	0.977400004863739	0.9764666557312012	0.8069733381271362
94	0.9798416495323181	0.9791666865348816	0.822106659412384
95	0.9776833057403564	0.9763000011444092	0.7985600233078003
96	0.979491651058197	0.9786666631698608	0.8021466732025146
97	0.9774666428565979	0.9766333103179932	0.8074399828910828
98	0.9778916835784912	0.9768000245094299	0.8056933283805847
99	0.979033350944519	0.9775333404541016	0.8090000152587891
100	0.9799416661262512	0.9789333343505859	0.8253066539764404
101	0.9797750115394592	0.9787999987602234	0.8104666471481323
102	0.9746416807174683	0.9735000133514404	0.790120005607605
103	0.9788249731063843	0.9778666496276855	0.813480019569397
104	0.9775833487510681	0.9762666821479797	0.811626672744751
105	0.9782833456993103	0.9771000146865845	0.8056399822235107
106	0.981083333492279	0.9806333184242249	0.8166133165359497
107	0.9794999957084656	0.9779333472251892	0.8050000071525574
108	0.9775583148002625	0.9769666790962219	0.8058133125305176
109	0.9804499745368958	0.9797333478927612	0.824346661567688
110	0.9798750281333923	0.9794333577156067	0.8202133178710938
111	0.9809499979019165	0.9800666570663452	0.8246533274650574
112	0.979533314704895	0.9789999723434448	0.8216133117675781
113	0.9795916676521301	0.9787333607673645	0.7987200021743774
114	0.9743000268936157	0.9728333353996277	0.795906662940979
115	0.9782333374023438	0.977233350276947	0.8151866793632507
116	0.9783416390419006	0.9771666526794434	0.8024266958236694
117	0.9770749807357788	0.9762333035469055	0.802839994430542
118	0.979491651058197	0.9784666895866394	0.8066400289535522
119	0.9770083427429199	0.975933313369751	0.7940266728401184
120	0.98048335313797	0.9800333380699158	0.8168266415596008
121	0.9771999716758728	0.9761666655540466	0.7968933582305908
122	0.9756083488464355	0.9747333526611328	0.8073599934577942
123	0.9798499941825867	0.978766679763794	0.8114799857139587
124	0.9793833494186401	0.978600025177002	0.8098800182342529
125	0.9804499745368958	0.9799333214759827	0.8167999982833862
126	0.9796333312988281	0.9791666865348816	0.8115599751472473
127	0.9767333269119263	0.9753000140190125	0.7990800142288208
128	0.9796416759490967	0.9792333245277405	0.8079333305358887
129	0.9739333391189575	0.9729666709899902	0.7997999787330627
130	0.9795583486557007	0.9780333042144775	0.8041333556175232
131	0.9778749942779541	0.9771000146865845	0.8053066730499268
132	0.9795166850090027	0.977733314037323	0.8008800148963928
133	0.9781666398048401	0.977400004863739	0.8125200271606445
134	0.9797916412353516	0.9789999723434448	0.7958666682243347
135	0.9784833192825317	0.9773333072662354	0.8003066778182983
136	0.9796083569526672	0.9785333275794983	0.8059866428375244
137	0.9785416722297668	0.9778000116348267	0.8001866936683655
138	0.9771000146865845	0.9760000109672546	0.8127733469009399
139	0.9797250032424927	0.9789999723434448	0.8149200081825256
140	0.9763583540916443	0.9761666655540466	0.7917199730873108
141	0.9786499738693237	0.9770333170890808	0.809053361415863
142	0.9820416569709778	0.9814333319664001	0.8165466785430908
143	0.977358341217041	0.9768666625022888	0.8092399835586548
144	0.9761166572570801	0.9749666452407837	0.7944933176040649
145	0.9789583086967468	0.9780666828155518	0.7974266409873962
146	0.9800416827201843	0.9787999987602234	0.8183333277702332
147	0.9809250235557556	0.9802333116531372	0.8233733177185059
148	0.9799000024795532	0.9785666465759277	0.8117733597755432
149	0.9807666540145874	0.9791666865348816	0.8087599873542786
150	0.9780083298683167	0.9765333533287048	0.8037199974060059
151	0.9787333607673645	0.9780333042144775	0.8143066763877869
152	0.9792249798774719	0.9784333109855652	0.8129733204841614
153	0.9802833199501038	0.9796000123023987	0.8099200129508972
154	0.9807500243186951	0.9798666834831238	0.8251333236694336
155	0.978683352470398	0.9771999716758728	0.8053066730499268
156	0.9765999913215637	0.9753999710083008	0.8041999936103821
157	0.978558361530304	0.9775999784469604	0.8083199858665466
158	0.980525016784668	0.9796333312988281	0.8213866949081421
159	0.9795083403587341	0.9793000221252441	0.8116000294685364
160	0.9768000245094299	0.9764000177383423	0.8069733381271362
161	0.9775750041007996	0.9763000011444092	0.804639995098114
162	0.9801999926567078	0.9796333312988281	0.807479977607727
163	0.9808833599090576	0.9800000190734863	0.8198400139808655
164	0.979200005531311	0.9782333374023438	0.8078933358192444
165	0.9802916646003723	0.9797999858856201	0.8171066641807556
166	0.9791083335876465	0.9781000018119812	0.8066266775131226
167	0.9784333109855652	0.977233350276947	0.8029599785804749
168	0.9795583486557007	0.9782666563987732	0.8128666877746582
169	0.9783333539962769	0.9773666858673096	0.8109599947929382
170	0.98089998960495	0.9808333516120911	0.814853310585022
171	0.9773916602134705	0.9770333170890808	0.8057466745376587
172	0.9803249835968018	0.9796333312988281	0.8150266408920288
173	0.9797416925430298	0.9789333343505859	0.8076000213623047
174	0.9798416495323181	0.979200005531311	0.8085333108901978
175	0.9807666540145874	0.9799333214759827	0.8179466724395752
176	0.9806166887283325	0.9799000024795532	0.8157200217247009
177	0.980774998664856	0.9799666404724121	0.8101733326911926
178	0.9796916842460632	0.9789000153541565	0.8158400058746338
179	0.9787916541099548	0.9779000282287598	0.8117600083351135
180	0.9787499904632568	0.9782999753952026	0.8116666674613953
181	0.9791666865348816	0.9785333275794983	0.8032533526420593
182	0.9798666834831238	0.9792333245277405	0.8058933615684509
183	0.9789416790008545	0.9779666662216187	0.8071466684341431
184	0.9785333275794983	0.977733314037323	0.8111600279808044
185	0.9789166450500488	0.9781000018119812	0.8051333427429199
186	0.9776416420936584	0.9771333336830139	0.81086665391922
187	0.979449987411499	0.9785333275794983	0.806826651096344
188	0.9806333184242249	0.9799000024795532	0.8151466846466064
189	0.9795250296592712	0.978866696357727	0.8185999989509583
190	0.9782999753952026	0.9779666662216187	0.7971066832542419
191	0.9818999767303467	0.9815999865531921	0.8078799843788147
192	0.9793416857719421	0.9787333607673645	0.8078266382217407
193	0.9747666716575623	0.9738333225250244	0.8029066920280457
194	0.9805916547775269	0.9800333380699158	0.8191466927528381
195	0.9806749820709229	0.9795666933059692	0.8094266653060913
196	0.9800666570663452	0.979033350944519	0.8035866618156433
197	0.9781333208084106	0.977566659450531	0.8129600286483765
198	0.9783333539962769	0.977400004863739	0.8029999732971191
199	0.9780750274658203	0.9774333238601685	0.8093066811561584
200	0.9774333238601685	0.9762666821479797	0.8076000213623047
201	0.9778749942779541	0.9767666459083557	0.8005733489990234
202	0.9754166603088379	0.9744333624839783	0.791106641292572
203	0.9801499843597412	0.9791333079338074	0.8203733563423157
204	0.9802416563034058	0.9799000024795532	0.8111199736595154
205	0.9779333472251892	0.9772666692733765	0.8073733448982239
206	0.9803749918937683	0.9796000123023987	0.8185333609580994
207	0.9797333478927612	0.9783666729927063	0.8080533146858215
208	0.9788249731063843	0.9783333539962769	0.7988266944885254
209	0.9797750115394592	0.978766679763794	0.8068666458129883
210	0.9802666902542114	0.9797999858856201	0.8121066689491272
211	0.9815916419029236	0.9805999994277954	0.8139066696166992
212	0.977524995803833	0.9761666655540466	0.8065066933631897
213	0.9796749949455261	0.9787999987602234	0.8166933059692383
214	0.9809333086013794	0.9805333614349365	0.8097466826438904
215	0.9790833592414856	0.9781333208084106	0.8014266490936279
216	0.9773333072662354	0.9761666655540466	0.7918000221252441
217	0.9791250228881836	0.9785333275794983	0.8007733225822449
218	0.9761000275611877	0.9753000140190125	0.7847066521644592
219	0.9795666933059692	0.9786333441734314	0.8014533519744873
220	0.9775083065032959	0.9761666655540466	0.8088799715042114
221	0.9745000004768372	0.9739000201225281	0.782800018787384
222	0.9795916676521301	0.9782999753952026	0.8066266775131226
223	0.9785666465759277	0.9772999882698059	0.8066266775131226
224	0.9778916835784912	0.9768333435058594	0.8009600043296814
225	0.9803666472434998	0.9793000221252441	0.8041866421699524
226	0.9791749715805054	0.9790999889373779	0.8022800087928772
227	0.9796000123023987	0.9789000153541565	0.810533344745636
228	0.9796833395957947	0.9792333245277405	0.8093066811561584
229	0.9796666502952576	0.9787999987602234	0.8059999942779541
230	0.977816641330719	0.9768666625022888	0.805679976940155
231	0.9807583093643188	0.9800999760627747	0.8076133131980896
232	0.9805499911308289	0.9794333577156067	0.8156800270080566
233	0.9801583290100098	0.9796666502952576	0.8087066411972046
234	0.9797499775886536	0.9794333577156067	0.8095733523368835
235	0.9786999821662903	0.9770333170890808	0.8076666593551636
236	0.9780416488647461	0.9773333072662354	0.8045733571052551
237	0.9801166653633118	0.9793000221252441	0.8085333108901978
238	0.9788833260536194	0.9780666828155518	0.8006666898727417
239	0.9787916541099548	0.9780666828155518	0.8034399747848511
240	0.9792333245277405	0.9786333441734314	0.8081066608428955
241	0.9805416464805603	0.9801666736602783	0.8074533343315125
242	0.9786333441734314	0.9776666760444641	0.8012266755104065
243	0.9794666767120361	0.9787333607673645	0.8107600212097168
244	0.9790916442871094	0.9781666398048401	0.8086933493614197
245	0.9787833094596863	0.9782666563987732	0.7964933514595032
246	0.9801750183105469	0.9795666933059692	0.8060266375541687
247	0.9803833365440369	0.9794999957084656	0.809066653251648
248	0.9800333380699158	0.9794999957084656	0.810479998588562
249	0.9776416420936584	0.9765999913215637	0.7963200211524963
250	0.9805750250816345	0.9801666736602783	0.8160133361816406
251	0.9790166616439819	0.9779666662216187	0.8066266775131226
252	0.9777916669845581	0.9774333238601685	0.7982133626937866
253	0.9782083630561829	0.9772666692733765	0.7978933453559875
254	0.9821500182151794	0.9818666577339172	0.8171866536140442
255	0.9760666489601135	0.9751999974250793	0.793720006942749
256	0.9793000221252441	0.9783999919891357	0.7997999787330627
257	0.9780416488647461	0.9767333269119263	0.8010799884796143
258	0.9802416563034058	0.9790999889373779	0.7962133288383484
259	0.9789749979972839	0.9777666926383972	0.8052933216094971
260	0.980650007724762	0.9792333245277405	0.8135600090026855
261	0.9787583351135254	0.9783666729927063	0.8030400276184082
262	0.9797333478927612	0.9791666865348816	0.8088933229446411
263	0.9816499948501587	0.9809333086013794	0.8105466961860657
264	0.977358341217041	0.9771333336830139	0.8090400099754333
265	0.9785666465759277	0.9775999784469604	0.8014933466911316
266	0.978766679763794	0.9781666398048401	0.8107466697692871
267	0.9797083139419556	0.9790666699409485	0.805840015411377
268	0.9780333042144775	0.9768666625022888	0.8018800020217896
269	0.9810166954994202	0.9800000190734863	0.8101866841316223
270	0.9769250154495239	0.9763000011444092	0.7932133078575134
271	0.980858325958252	0.9797666668891907	0.8096666932106018
272	0.982574999332428	0.9815000295639038	0.8075066804885864
273	0.9778916835784912	0.9767000079154968	0.793066680431366
274	0.9797416925430298	0.978600025177002	0.7994933128356934
275	0.977316677570343	0.977400004863739	0.7978399991989136
276	0.9789833426475525	0.9786999821662903	0.8058133125305176
277	0.9803500175476074	0.9791333079338074	0.8087466955184937
278	0.9797999858856201	0.9789333343505859	0.7985333204269409
279	0.9788749814033508	0.977733314037323	0.8077333569526672
280	0.9813666939735413	0.9806333184242249	0.8022000193595886
281	0.9800666570663452	0.9787333607673645	0.8116000294685364
282	0.9797083139419556	0.9788333177566528	0.7986000180244446
283	0.9810083508491516	0.9801666736602783	0.8124533295631409
284	0.9802250266075134	0.9797000288963318	0.8151199817657471
285	0.9771416783332825	0.9769333600997925	0.7953066825866699
286	0.9809583425521851	0.980733335018158	0.8138933181762695
287	0.9799583554267883	0.9792666435241699	0.8077600002288818
288	0.9798916578292847	0.9792333245277405	0.8136933445930481
289	0.9795166850090027	0.9789999723434448	0.80103999376297
290	0.9807916879653931	0.9802333116531372	0.8083866834640503
291	0.980816662311554	0.9802666902542114	0.8053733110427856
292	0.9798250198364258	0.9797999858856201	0.8089200258255005
293	0.977816641330719	0.9773666858673096	0.7903733253479004
294	0.9794583320617676	0.9788333177566528	0.8088533282279968
295	0.982491672039032	0.9818333387374878	0.8155866861343384
296	0.9813916683197021	0.9805999994277954	0.8156800270080566
297	0.9797916412353516	0.9783666729927063	0.8057733178138733
298	0.9799916744232178	0.9787333607673645	0.811626672744751
299	0.9781916737556458	0.977566659450531	0.8117466568946838
