epoch	train_acc	test_acc	val_acc
0	0.16253332793712616	0.16120000183582306	0.09433333575725555
1	0.2318333387374878	0.22793333232402802	0.18638095259666443
2	0.25601667165756226	0.2524000108242035	0.24633333086967468
3	0.30140000581741333	0.29846665263175964	0.2853333353996277
4	0.31708332896232605	0.3136666715145111	0.2857142984867096
5	0.32910001277923584	0.3230666518211365	0.2763333320617676
6	0.34246665239334106	0.34113332629203796	0.2814761996269226
7	0.35696667432785034	0.356466680765152	0.2807618975639343
8	0.36516666412353516	0.361133337020874	0.283047616481781
9	0.3693833351135254	0.36873334646224976	0.289000004529953
10	0.38626667857170105	0.3885333240032196	0.29657143354415894
11	0.39043334126472473	0.3922666609287262	0.2996666729450226
12	0.3908500075340271	0.39126667380332947	0.29038095474243164
13	0.40218332409858704	0.4036666750907898	0.29561904072761536
14	0.40183332562446594	0.4017333388328552	0.29404762387275696
15	0.4108666777610779	0.4137333333492279	0.29633334279060364
16	0.41385000944137573	0.4140666723251343	0.30204761028289795
17	0.40625	0.4059999883174896	0.2997142970561981
18	0.4177333414554596	0.416866660118103	0.3014761805534363
19	0.4205666780471802	0.42026665806770325	0.3102857172489166
20	0.42061665654182434	0.4185999929904938	0.29899999499320984
21	0.41815000772476196	0.41546666622161865	0.3016666769981384
22	0.4349333345890045	0.4320000112056732	0.32038095593452454
23	0.43486666679382324	0.4322666525840759	0.30752381682395935
24	0.4344833195209503	0.4318000078201294	0.3108571469783783
25	0.43871667981147766	0.4368666708469391	0.3162856996059418
26	0.4390333294868469	0.4374000132083893	0.30971428751945496
27	0.4329833388328552	0.4277999997138977	0.3087143003940582
28	0.4458000063896179	0.4440000057220459	0.30676189064979553
29	0.4429999887943268	0.4408666789531708	0.308095246553421
30	0.4338666796684265	0.4309999942779541	0.3009047508239746
31	0.4411666691303253	0.4392000138759613	0.31700000166893005
32	0.4450666606426239	0.4445333480834961	0.3016666769981384
33	0.45190000534057617	0.44699999690055847	0.3129047751426697
34	0.4609000086784363	0.45820000767707825	0.31685712933540344
35	0.4557333290576935	0.453000009059906	0.31542858481407166
36	0.4590499997138977	0.4551999866962433	0.32028570771217346
37	0.45711666345596313	0.4543333351612091	0.3030952513217926
38	0.4663499891757965	0.46293333172798157	0.318619042634964
39	0.45660001039505005	0.4548666775226593	0.316095232963562
40	0.46541666984558105	0.4631333351135254	0.3194761872291565
41	0.4662500023841858	0.46353334188461304	0.3167142868041992
42	0.46353334188461304	0.4604666531085968	0.31809523701667786
43	0.46301665902137756	0.46033334732055664	0.31380951404571533
44	0.4671666622161865	0.4636666774749756	0.3092857003211975
45	0.46709999442100525	0.4636666774749756	0.31323808431625366
46	0.470716655254364	0.46673333644866943	0.3131904900074005
47	0.4739833474159241	0.4713333249092102	0.3146190345287323
48	0.4760499894618988	0.4710666537284851	0.3313809633255005
49	0.4743666648864746	0.4722000062465668	0.3155714273452759
50	0.4762333333492279	0.47246667742729187	0.323761910200119
51	0.46338334679603577	0.46399998664855957	0.3080476224422455
52	0.47493332624435425	0.47386667132377625	0.32952380180358887
53	0.47591665387153625	0.4733999967575073	0.32842856645584106
54	0.4828999936580658	0.48266667127609253	0.3181428611278534
55	0.4830833375453949	0.48080000281333923	0.32719048857688904
56	0.4860166609287262	0.4838666617870331	0.33580952882766724
57	0.47171667218208313	0.4702666699886322	0.31652382016181946
58	0.48001667857170105	0.4774666726589203	0.33266666531562805
59	0.48010000586509705	0.4790666699409485	0.31928572058677673
60	0.48170000314712524	0.48053333163261414	0.3405238091945648
61	0.47635000944137573	0.47760000824928284	0.32271429896354675
62	0.48213332891464233	0.48213332891464233	0.32719048857688904
63	0.48919999599456787	0.4882666766643524	0.33338093757629395
64	0.4804166555404663	0.48186665773391724	0.3232381045818329
65	0.47983333468437195	0.47833332419395447	0.3200952410697937
66	0.49068334698677063	0.4858666658401489	0.34080952405929565
67	0.4895166754722595	0.48473334312438965	0.3304285705089569
68	0.483516663312912	0.4806666672229767	0.3255714178085327
69	0.4894166588783264	0.49079999327659607	0.3199999928474426
70	0.4832499921321869	0.4812000095844269	0.3132857084274292
71	0.4919666647911072	0.49026668071746826	0.33338093757629395
72	0.49985000491142273	0.4991999864578247	0.32876190543174744
73	0.4846666753292084	0.4846000075340271	0.3171428442001343
74	0.48805001378059387	0.4869999885559082	0.3215238153934479
75	0.49114999175071716	0.48873332142829895	0.3406190574169159
76	0.4904666543006897	0.4883333444595337	0.332571417093277
77	0.4841333329677582	0.48053333163261414	0.32476189732551575
78	0.48438334465026855	0.48073333501815796	0.3236190378665924
79	0.49129998683929443	0.49026668071746826	0.32866665720939636
80	0.48715001344680786	0.4832000136375427	0.3295714259147644
81	0.48928332328796387	0.4851999878883362	0.3199999928474426
82	0.5021499991416931	0.5008000135421753	0.33823809027671814
83	0.491433322429657	0.4896666705608368	0.3272857069969177
84	0.4888833463191986	0.4873333275318146	0.32295238971710205
85	0.4967833459377289	0.49433332681655884	0.3446190357208252
86	0.4935666620731354	0.4896000027656555	0.3378095328807831
87	0.4858333468437195	0.4830666780471802	0.32028570771217346
88	0.4941166639328003	0.490200012922287	0.3295714259147644
89	0.49941667914390564	0.4950000047683716	0.3408571481704712
90	0.49701666831970215	0.4947333335876465	0.3265238106250763
91	0.4917166531085968	0.4862666726112366	0.3202380836009979
92	0.498116672039032	0.4959999918937683	0.33314284682273865
93	0.49320000410079956	0.4883333444595337	0.329714298248291
94	0.503933310508728	0.5004000067710876	0.3329523801803589
95	0.48844999074935913	0.4856666624546051	0.3266666531562805
96	0.4964500069618225	0.49166667461395264	0.3315238058567047
97	0.49391666054725647	0.4893999993801117	0.3439047634601593
98	0.48926666378974915	0.4848666787147522	0.33033332228660583
99	0.499833345413208	0.4957333207130432	0.3374761939048767
100	0.49806666374206543	0.4936666786670685	0.35304760932922363
101	0.49959999322891235	0.4954666793346405	0.33947619795799255
102	0.48981666564941406	0.4864666759967804	0.3235238194465637
103	0.5069666504859924	0.5053333044052124	0.3314761817455292
104	0.4928666651248932	0.49006667733192444	0.33609524369239807
105	0.5083833336830139	0.505466639995575	0.33523809909820557
106	0.49896666407585144	0.4972666800022125	0.3312857151031494
107	0.5065666437149048	0.505133330821991	0.3383333384990692
108	0.4858333468437195	0.48559999465942383	0.33085715770721436
109	0.5009833574295044	0.49959999322891235	0.33823809027671814
110	0.5162500143051147	0.5145999789237976	0.3460952341556549
111	0.5064333081245422	0.5042666792869568	0.34676191210746765
112	0.5020666718482971	0.49779999256134033	0.3423333466053009
113	0.5099999904632568	0.5084666609764099	0.33628571033477783
114	0.5070666670799255	0.500333309173584	0.3452380895614624
115	0.5079833269119263	0.5055999755859375	0.3440000116825104
116	0.49693334102630615	0.49346667528152466	0.3398571312427521
117	0.49674999713897705	0.49453333020210266	0.3380476236343384
118	0.5047500133514404	0.5047333240509033	0.3478095233440399
119	0.5096333622932434	0.5081999897956848	0.3495238125324249
120	0.5095166563987732	0.5063333511352539	0.343190461397171
121	0.5040000081062317	0.5012000203132629	0.3323333263397217
122	0.5119166374206543	0.5115333199501038	0.35514286160469055
123	0.5120999813079834	0.5073333382606506	0.35747620463371277
124	0.5064333081245422	0.5034000277519226	0.3371904790401459
125	0.5023666620254517	0.49906668066978455	0.35309523344039917
126	0.5158666372299194	0.5112000107765198	0.34176191687583923
127	0.512666642665863	0.5098000168800354	0.3529047667980194
128	0.5151166915893555	0.5133333206176758	0.3401428461074829
129	0.5109500288963318	0.5070666670799255	0.3455714285373688
130	0.512416660785675	0.5112000107765198	0.34214285016059875
131	0.5045166611671448	0.5004666447639465	0.3458095192909241
132	0.5181000232696533	0.5139999985694885	0.34942856431007385
133	0.517633318901062	0.5176666378974915	0.3373333215713501
134	0.5214833617210388	0.518666684627533	0.35404762625694275
135	0.5252000093460083	0.5220666527748108	0.3623809516429901
136	0.5233833193778992	0.520466685295105	0.34480953216552734
137	0.5217499732971191	0.5189999938011169	0.35176190733909607
138	0.5137500166893005	0.5113999843597412	0.3409523665904999
139	0.5259666442871094	0.5216666460037231	0.3566666543483734
140	0.511900007724762	0.5089333057403564	0.34990477561950684
141	0.5220166444778442	0.5194000005722046	0.3510476052761078
142	0.5158666372299194	0.5134000182151794	0.34333333373069763
143	0.5228833556175232	0.5207333564758301	0.35576191544532776
144	0.5248833298683167	0.5209333300590515	0.34880951046943665
145	0.5277500152587891	0.524066686630249	0.3587142825126648
146	0.5202166438102722	0.5164666771888733	0.3486666679382324
147	0.5250666737556458	0.522599995136261	0.3490952253341675
148	0.528249979019165	0.5270000100135803	0.35319048166275024
149	0.5354499816894531	0.5314000248908997	0.35152381658554077
150	0.5202999711036682	0.5170666575431824	0.3510476052761078
151	0.5173500180244446	0.5143333077430725	0.35295239090919495
152	0.5204166769981384	0.5159333348274231	0.34723809361457825
153	0.5243833065032959	0.5196666717529297	0.36085712909698486
154	0.5221666693687439	0.5167333483695984	0.3619999885559082
155	0.5276333093643188	0.524733304977417	0.35233333706855774
156	0.5306333303451538	0.5256666541099548	0.36657142639160156
157	0.5260833501815796	0.5216666460037231	0.3475714325904846
158	0.5297666788101196	0.5256666541099548	0.36071428656578064
159	0.5224833488464355	0.5146666765213013	0.34966665506362915
160	0.522599995136261	0.5188000202178955	0.3539523780345917
161	0.5284333229064941	0.5249333381652832	0.3606666624546051
162	0.5236999988555908	0.5195333361625671	0.34042856097221375
163	0.5423166751861572	0.5358666777610779	0.36399999260902405
164	0.5322333574295044	0.5307333469390869	0.3710952401161194
165	0.5240166783332825	0.520799994468689	0.35309523344039917
166	0.5314499735832214	0.5280666947364807	0.35576191544532776
167	0.5223833322525024	0.5180666446685791	0.3563809394836426
168	0.5335833430290222	0.52920001745224	0.3680952489376068
169	0.5347166657447815	0.531333327293396	0.36776190996170044
170	0.5368666648864746	0.5335999727249146	0.3634761869907379
171	0.5335333347320557	0.5293999910354614	0.35100001096725464
172	0.5277833342552185	0.5253333449363708	0.35390475392341614
173	0.5161166787147522	0.5116000175476074	0.3577619194984436
174	0.5313833355903625	0.5260666608810425	0.36657142639160156
175	0.5372833609580994	0.5306000113487244	0.35633334517478943
176	0.5297999978065491	0.5260000228881836	0.34966665506362915
177	0.5238833427429199	0.5193333625793457	0.34809523820877075
178	0.5182499885559082	0.5110666751861572	0.35499998927116394
179	0.5360333323478699	0.5323333144187927	0.35990476608276367
180	0.5318666696548462	0.526199996471405	0.3645714223384857
181	0.5297666788101196	0.5249333381652832	0.3556666672229767
182	0.5252000093460083	0.5198000073432922	0.34652382135391235
183	0.5370000004768372	0.5322666764259338	0.3640476167201996
184	0.5403500199317932	0.534333348274231	0.36728572845458984
185	0.5164666771888733	0.5114666819572449	0.35961905121803284
186	0.5352500081062317	0.5311999917030334	0.3549523949623108
187	0.5354833602905273	0.5308666825294495	0.35028570890426636
188	0.5418999791145325	0.537066638469696	0.36680951714515686
189	0.5393666625022888	0.5347333550453186	0.3537142872810364
190	0.5219833254814148	0.515666663646698	0.34190475940704346
191	0.5198000073432922	0.5146666765213013	0.3513333201408386
192	0.5362833142280579	0.5312666893005371	0.35366666316986084
193	0.5434166789054871	0.5388666391372681	0.3663809597492218
194	0.5426833629608154	0.5377333164215088	0.36414286494255066
195	0.5343833565711975	0.5299333333969116	0.363571435213089
196	0.5393499732017517	0.5333333611488342	0.36171427369117737
197	0.5376499891281128	0.533133327960968	0.3622381091117859
198	0.5341833233833313	0.5293333530426025	0.352142870426178
199	0.5269333124160767	0.5163333415985107	0.350857138633728
200	0.5394999980926514	0.5335333347320557	0.35647618770599365
201	0.5389999747276306	0.5311999917030334	0.36800000071525574
202	0.5357999801635742	0.5299999713897705	0.3579047620296478
203	0.533216655254364	0.527400016784668	0.364809513092041
204	0.5181333422660828	0.51419997215271	0.35600000619888306
205	0.5339833498001099	0.5275999903678894	0.3549523949623108
206	0.5341333150863647	0.5260000228881836	0.36604762077331543
207	0.5333499908447266	0.5281333327293396	0.3696190416812897
208	0.5286499857902527	0.5257999897003174	0.354190468788147
209	0.5475666522979736	0.5444666743278503	0.3763333261013031
210	0.5316666960716248	0.5260000228881836	0.36399999260902405
211	0.5497166514396667	0.5451333522796631	0.3714762032032013
212	0.541866660118103	0.5360000133514404	0.35771429538726807
213	0.5336333513259888	0.5284666419029236	0.3633333444595337
214	0.5436499714851379	0.5378000140190125	0.37833333015441895
215	0.5388500094413757	0.5315999984741211	0.3623333275318146
216	0.5353000164031982	0.5302000045776367	0.36752381920814514
217	0.5404166579246521	0.5337333083152771	0.36847618222236633
218	0.5389166474342346	0.5329333543777466	0.35976189374923706
219	0.5313833355903625	0.5244666934013367	0.36147618293762207
220	0.5499666929244995	0.5446000099182129	0.37142857909202576
221	0.546750009059906	0.5422000288963318	0.36204761266708374
222	0.536216676235199	0.5335333347320557	0.36109524965286255
223	0.5312666893005371	0.524399995803833	0.359333336353302
224	0.532966673374176	0.5276666879653931	0.3569047749042511
225	0.5467833280563354	0.541266679763794	0.3642857074737549
226	0.5366833209991455	0.5306000113487244	0.35742858052253723
227	0.5440166592597961	0.5421333312988281	0.3601904809474945
228	0.5462999939918518	0.540066659450531	0.37652382254600525
229	0.5364000201225281	0.5289333462715149	0.36314284801483154
230	0.5475500226020813	0.5423333048820496	0.36776190996170044
231	0.536716639995575	0.5302666425704956	0.35938096046447754
232	0.5443000197410583	0.5397999882698059	0.36290475726127625
233	0.5453333258628845	0.5396000146865845	0.36728572845458984
234	0.5398833155632019	0.5345333218574524	0.36204761266708374
235	0.5477333068847656	0.5419333577156067	0.37676191329956055
236	0.5474666953086853	0.5439333319664001	0.36728572845458984
237	0.5275333523750305	0.5249333381652832	0.36338093876838684
238	0.5400166511535645	0.5312666893005371	0.3674761950969696
239	0.5315999984741211	0.5261333584785461	0.36142855882644653
240	0.5444333553314209	0.5409333109855652	0.3589523732662201
241	0.5426499843597412	0.5383333563804626	0.3649047613143921
242	0.545283317565918	0.5426666736602783	0.37252381443977356
243	0.536549985408783	0.5340666770935059	0.3569047749042511
244	0.5470499992370605	0.5419999957084656	0.37676191329956055
245	0.5468000173568726	0.5407999753952026	0.3825238049030304
246	0.5476499795913696	0.5422000288963318	0.3751428425312042
247	0.54503333568573	0.5419999957084656	0.37652382254600525
248	0.5343166589736938	0.5316666960716248	0.3542380928993225
249	0.5436333417892456	0.5387333035469055	0.35600000619888306
250	0.5438166856765747	0.539733350276947	0.3639523684978485
251	0.538433313369751	0.5361999869346619	0.37019047141075134
252	0.5336499810218811	0.5289999842643738	0.36923810839653015
253	0.5588833093643188	0.5564666390419006	0.37957143783569336
254	0.5514000058174133	0.54666668176651	0.36714285612106323
255	0.5361499786376953	0.5333333611488342	0.3537142872810364
256	0.5517666935920715	0.5463333129882812	0.3832857012748718
257	0.5424000024795532	0.5360666513442993	0.3714762032032013
258	0.5368333458900452	0.5329333543777466	0.36557143926620483
259	0.5457000136375427	0.5404000282287598	0.38152381777763367
260	0.5489166378974915	0.5443333387374878	0.3786190450191498
261	0.5364000201225281	0.5323333144187927	0.36604762077331543
262	0.5348666906356812	0.5286666750907898	0.37066665291786194
263	0.5410333275794983	0.5362666845321655	0.3713809549808502
264	0.5335999727249146	0.5267999768257141	0.3649047613143921
265	0.5440166592597961	0.5404000282287598	0.35938096046447754
266	0.5489333271980286	0.5436000227928162	0.3899523913860321
267	0.5491499900817871	0.5436000227928162	0.37371429800987244
268	0.5515166521072388	0.5458666682243347	0.37761905789375305
269	0.5324666500091553	0.5291333198547363	0.37204763293266296
270	0.5446833372116089	0.5406666398048401	0.3659047484397888
271	0.5347833037376404	0.5314000248908997	0.36471429467201233
272	0.5403833389282227	0.534600019454956	0.3700000047683716
273	0.5546500086784363	0.550266683101654	0.37557142972946167
274	0.5434166789054871	0.5368000268936157	0.3692857027053833
275	0.5289999842643738	0.5221333503723145	0.37009525299072266
276	0.5487833619117737	0.5447333455085754	0.3740476071834564
277	0.5413333177566528	0.535266637802124	0.3645237982273102
278	0.5483999848365784	0.5434666872024536	0.36280950903892517
279	0.5492500066757202	0.5434666872024536	0.3721904754638672
280	0.5499666929244995	0.5438666939735413	0.3719523847103119
281	0.5447666645050049	0.5401333570480347	0.3759523928165436
282	0.5408999919891357	0.5364000201225281	0.36752381920814514
283	0.5383166670799255	0.5351999998092651	0.36047619581222534
284	0.5463500022888184	0.5424666404724121	0.3625238239765167
285	0.5358333587646484	0.5293999910354614	0.36847618222236633
286	0.5575666427612305	0.5526666641235352	0.3775714337825775
287	0.5465499758720398	0.5442000031471252	0.36585715413093567
288	0.5436499714851379	0.5391333103179932	0.3663809597492218
289	0.5462833046913147	0.5437999963760376	0.3862857222557068
290	0.5495666861534119	0.5473999977111816	0.370761901140213
291	0.5459166765213013	0.5422666668891907	0.3722380995750427
292	0.5478833317756653	0.5425999760627747	0.3894761800765991
293	0.5421333312988281	0.5368666648864746	0.36690476536750793
294	0.5471500158309937	0.5426666736602783	0.36533331871032715
295	0.5490833520889282	0.5459333062171936	0.37395238876342773
296	0.5529166460037231	0.5482666492462158	0.38042858242988586
297	0.5428833365440369	0.5374666452407837	0.373285710811615
298	0.5342333316802979	0.5310666561126709	0.369047611951828
299	0.5346999764442444	0.5307333469390869	0.3655238151550293
