epoch	train_acc	test_acc	val_acc
0	0.29971668124198914	0.29760000109672546	0.2315238118171692
1	0.4066999852657318	0.4041999876499176	0.34433332085609436
2	0.5017499923706055	0.5006666779518127	0.4256190359592438
3	0.522266685962677	0.519266664981842	0.44976189732551575
4	0.5722166895866394	0.5712000131607056	0.4861428439617157
5	0.6037833094596863	0.602066695690155	0.5189523696899414
6	0.6391666531562805	0.6379333138465881	0.5301428437232971
7	0.6427500247955322	0.6413333415985107	0.5255714058876038
8	0.6707333326339722	0.6688666939735413	0.5479523539543152
9	0.6718833446502686	0.6677333116531372	0.5455238223075867
10	0.6727333068847656	0.6736666560173035	0.5454285740852356
11	0.6873999834060669	0.6873999834060669	0.5473333597183228
12	0.6691166758537292	0.6700000166893005	0.5576666593551636
13	0.6825000047683716	0.6859333515167236	0.5548095107078552
14	0.7107666730880737	0.7109333276748657	0.5732380747795105
15	0.6909666657447815	0.6922000050544739	0.5616666674613953
16	0.7143333554267883	0.7143999934196472	0.5628095269203186
17	0.7285166382789612	0.7299333214759827	0.5723333358764648
18	0.7373499870300293	0.7369999885559082	0.5719524025917053
19	0.7379000186920166	0.7385333180427551	0.5811904668807983
20	0.7190999984741211	0.7203333377838135	0.5610476136207581
21	0.7370499968528748	0.73826664686203	0.5641904473304749
22	0.7475833296775818	0.7501333355903625	0.5845714211463928
23	0.745283305644989	0.7463333606719971	0.5903333425521851
24	0.7590333223342896	0.7613999843597412	0.5904762148857117
25	0.7445666790008545	0.7486666440963745	0.5890476107597351
26	0.7704833149909973	0.771133303642273	0.6093809604644775
27	0.7544833421707153	0.7516000270843506	0.612666666507721
28	0.758316695690155	0.7565333247184753	0.6006666421890259
29	0.7812333106994629	0.781333327293396	0.6060952544212341
30	0.777899980545044	0.7782666683197021	0.6071904897689819
31	0.7671833038330078	0.7684000134468079	0.6064761877059937
32	0.7744333148002625	0.776199996471405	0.6120476126670837
33	0.7860999703407288	0.7863333225250244	0.6083333492279053
34	0.777916669845581	0.7802666425704956	0.6171428561210632
35	0.7620999813079834	0.7639333605766296	0.6051904559135437
36	0.7748666405677795	0.7723333239555359	0.6246190667152405
37	0.7797166705131531	0.7829333543777466	0.6219047904014587
38	0.7864833474159241	0.7903333306312561	0.6149523854255676
39	0.797950029373169	0.7979999780654907	0.6349047422409058
40	0.798383355140686	0.7997999787330627	0.6285714507102966
41	0.8082333207130432	0.8090000152587891	0.6428571343421936
42	0.8071666955947876	0.8076000213623047	0.6358571648597717
43	0.8077999949455261	0.8097333312034607	0.6247143149375916
44	0.8135333061218262	0.8136000037193298	0.6199047565460205
45	0.8139333128929138	0.81413334608078	0.6322380900382996
46	0.8163166642189026	0.8173999786376953	0.6348094940185547
47	0.8177333474159241	0.819266676902771	0.6430000066757202
48	0.8226000070571899	0.8195333480834961	0.6330000162124634
49	0.8219666481018066	0.8204666376113892	0.6420952677726746
50	0.8346999883651733	0.8343333601951599	0.6496190428733826
51	0.8124833106994629	0.8105999827384949	0.6293809413909912
52	0.8206333518028259	0.824733316898346	0.6425238251686096
53	0.8367000222206116	0.8370000123977661	0.6317142844200134
54	0.838100016117096	0.8361333608627319	0.6416666507720947
55	0.82464998960495	0.8270666599273682	0.6535714268684387
56	0.8335000276565552	0.8331999778747559	0.6371904611587524
57	0.8375833630561829	0.838866651058197	0.6494285464286804
58	0.8348333239555359	0.8339999914169312	0.6368095278739929
59	0.8529000282287598	0.850600004196167	0.6530952453613281
60	0.8448166847229004	0.8453333377838135	0.6572856903076172
61	0.84211665391922	0.841866672039032	0.6669999957084656
62	0.8307666778564453	0.8295333385467529	0.6331428289413452
63	0.8415166735649109	0.8414000272750854	0.6537142992019653
64	0.8447166681289673	0.8421333432197571	0.6514762043952942
65	0.8557666540145874	0.8546666502952576	0.6565714478492737
66	0.8435166478157043	0.841866672039032	0.6591428518295288
67	0.8495166897773743	0.8465999960899353	0.6562380790710449
68	0.845550000667572	0.8461333513259888	0.657619059085846
69	0.8532833456993103	0.8500000238418579	0.6618571281433105
70	0.8551833629608154	0.8537999987602234	0.6664285659790039
71	0.8627833127975464	0.8584666848182678	0.6708095073699951
72	0.8546000123023987	0.8524666428565979	0.6749523878097534
73	0.864133358001709	0.8622666597366333	0.6806666851043701
74	0.8646166920661926	0.8629999756813049	0.672428548336029
75	0.86121666431427	0.8586666584014893	0.6801905035972595
76	0.8746166825294495	0.8730000257492065	0.6779999732971191
77	0.8637499809265137	0.8628000020980835	0.6876190304756165
78	0.8737000226974487	0.8717333078384399	0.6994285583496094
79	0.8602499961853027	0.8579999804496765	0.6874285936355591
80	0.8615666627883911	0.8578000068664551	0.694428563117981
81	0.8725166916847229	0.8708666563034058	0.697952389717102
82	0.8773833513259888	0.8775333166122437	0.7084285616874695
83	0.8758333325386047	0.8737999796867371	0.709761917591095
84	0.8629999756813049	0.8623999953269958	0.696238100528717
85	0.8718833327293396	0.8715333342552185	0.7142381072044373
86	0.8668166399002075	0.8658000230789185	0.6920475959777832
87	0.8755999803543091	0.8730666637420654	0.7074285745620728
88	0.8801833391189575	0.8777999877929688	0.70676189661026
89	0.883816659450531	0.8829333186149597	0.7075238227844238
90	0.8788333535194397	0.8768666386604309	0.7037143111228943
91	0.8780999779701233	0.8777999877929688	0.710095226764679
92	0.8831333518028259	0.8794666528701782	0.7128095030784607
93	0.8823999762535095	0.8807333111763	0.7129523754119873
94	0.8790333271026611	0.8805999755859375	0.7200952172279358
95	0.8899999856948853	0.887333333492279	0.7165238261222839
96	0.8759666681289673	0.8763999938964844	0.7108095288276672
97	0.8930333256721497	0.8923333287239075	0.7279999852180481
98	0.8814666867256165	0.8803333044052124	0.7200000286102295
99	0.879966676235199	0.8772666454315186	0.7170000076293945
100	0.8837666511535645	0.8847333192825317	0.7243809700012207
101	0.8946499824523926	0.8938666582107544	0.7301904559135437
102	0.8900666832923889	0.8896666765213013	0.734666645526886
103	0.8921999931335449	0.8898666501045227	0.7390952110290527
104	0.8874499797821045	0.8885999917984009	0.7237619161605835
105	0.8924333453178406	0.89246666431427	0.7300476431846619
106	0.899733304977417	0.8998666405677795	0.733047604560852
107	0.8875499963760376	0.8866666555404663	0.7341428399085999
108	0.8929499983787537	0.8935333490371704	0.7349523901939392
109	0.9015833139419556	0.900866687297821	0.7299523949623108
110	0.8944500088691711	0.8932666778564453	0.7277143001556396
111	0.8898833394050598	0.8897333145141602	0.7216190695762634
112	0.8874333500862122	0.8877999782562256	0.7280952334403992
113	0.8988166451454163	0.895466685295105	0.744523823261261
114	0.9024166464805603	0.901533305644989	0.7491428852081299
115	0.897266685962677	0.8966666460037231	0.7372381091117859
116	0.9139666557312012	0.9137333035469055	0.7470476031303406
117	0.8968333601951599	0.8980666399002075	0.734333336353302
118	0.8992999792098999	0.8981999754905701	0.7374285459518433
119	0.8922666907310486	0.8909333348274231	0.7294285893440247
120	0.9027833342552185	0.9024666547775269	0.7450476288795471
121	0.9030500054359436	0.9028666615486145	0.7427142858505249
122	0.9060500264167786	0.9074000120162964	0.7407618761062622
123	0.9059500098228455	0.9048666954040527	0.7405238151550293
124	0.8987166881561279	0.8965333104133606	0.7311905026435852
125	0.9055166840553284	0.9075333476066589	0.7546190619468689
126	0.913100004196167	0.9120000004768372	0.7582857012748718
127	0.894266664981842	0.8928666710853577	0.7388095259666443
128	0.9029666781425476	0.9032666683197021	0.7516190409660339
129	0.9145166873931885	0.9135333299636841	0.75685715675354
130	0.9044833183288574	0.9041333198547363	0.757190465927124
131	0.9131166934967041	0.9140666723251343	0.7535238265991211
132	0.9120166897773743	0.9109333157539368	0.7575713992118835
133	0.9114333391189575	0.911133348941803	0.7481428384780884
134	0.912933349609375	0.9124666452407837	0.757190465927124
135	0.9122666716575623	0.9150000214576721	0.7479047775268555
136	0.9035166501998901	0.9014666676521301	0.7494761943817139
137	0.909766674041748	0.9112666845321655	0.7576666474342346
138	0.9133166670799255	0.9130666851997375	0.7582857012748718
139	0.9052000045776367	0.9031999707221985	0.7514761686325073
140	0.9027000069618225	0.9019333124160767	0.7490000128746033
141	0.9036666750907898	0.90420001745224	0.750333309173584
142	0.9090333580970764	0.9077333211898804	0.7569047808647156
143	0.9063833355903625	0.9060666561126709	0.7568095326423645
144	0.9177333116531372	0.9178000092506409	0.763952374458313
145	0.914566695690155	0.9130666851997375	0.7575238347053528
146	0.9038833379745483	0.9039333462715149	0.7519524097442627
147	0.9068166613578796	0.9057333469390869	0.7540476322174072
148	0.9154166579246521	0.9154666662216187	0.75685715675354
149	0.9126666784286499	0.9110666513442993	0.7556666731834412
150	0.9059333205223083	0.9039999842643738	0.75
151	0.9122999906539917	0.9133333563804626	0.7569524049758911
152	0.914650022983551	0.9142666459083557	0.7573333382606506
153	0.9210666418075562	0.9223999977111816	0.7718095183372498
154	0.9187833070755005	0.9204666614532471	0.7666190266609192
155	0.9120000004768372	0.9110666513442993	0.7543809413909912
156	0.9204000234603882	0.9187999963760376	0.7672380805015564
157	0.9209499955177307	0.9196666479110718	0.7674285769462585
158	0.9190333485603333	0.9190666675567627	0.7692381143569946
159	0.908383309841156	0.9091333150863647	0.7633333206176758
160	0.9133166670799255	0.9129999876022339	0.7652857303619385
161	0.9163166880607605	0.9167333245277405	0.7627142667770386
162	0.9215499758720398	0.9193333387374878	0.7712857127189636
163	0.9224833250045776	0.9223999977111816	0.7735714316368103
164	0.9167333245277405	0.9156000018119812	0.7645714282989502
165	0.917900025844574	0.9172666668891907	0.7665714025497437
166	0.9202499985694885	0.920799970626831	0.7701904773712158
167	0.9211333394050598	0.9207333326339722	0.772095263004303
168	0.9218500256538391	0.9210666418075562	0.7700476050376892
169	0.9273666739463806	0.9276666641235352	0.7769523859024048
170	0.9160333275794983	0.9155333042144775	0.7665238380432129
171	0.9170500040054321	0.9154000282287598	0.7651904821395874
172	0.9235666394233704	0.9238666892051697	0.7762380838394165
173	0.9203500151634216	0.9203333258628845	0.774238109588623
174	0.9253666400909424	0.9241999983787537	0.774142861366272
175	0.9230999946594238	0.923466682434082	0.7665238380432129
176	0.9183499813079834	0.9196000099182129	0.7625238299369812
177	0.925000011920929	0.9246000051498413	0.772428572177887
178	0.9231500029563904	0.921999990940094	0.7772380709648132
179	0.9261000156402588	0.9256666898727417	0.7726666927337646
180	0.9159166812896729	0.916266679763794	0.7739047408103943
181	0.9224666953086853	0.9222666621208191	0.7661428451538086
182	0.9262166619300842	0.9273333549499512	0.7756190299987793
183	0.9300833344459534	0.9313333630561829	0.7836666703224182
184	0.9194166660308838	0.9196666479110718	0.7597143054008484
185	0.9180499911308289	0.916866660118103	0.7723809480667114
186	0.9182833433151245	0.9179333448410034	0.774571418762207
187	0.9285333156585693	0.9297999739646912	0.7866666913032532
188	0.9193833470344543	0.918066680431366	0.7729047536849976
189	0.9266999959945679	0.9253333210945129	0.7805238366127014
190	0.9292166829109192	0.9282666444778442	0.7792381048202515
191	0.9248833060264587	0.9225333333015442	0.7801904678344727
192	0.9262999892234802	0.9258666634559631	0.7790476083755493
193	0.9250666499137878	0.9261333346366882	0.7722380757331848
194	0.9272500276565552	0.9282000064849854	0.777904748916626
195	0.9249333143234253	0.9225999712944031	0.7714762091636658
196	0.9257500171661377	0.9265333414077759	0.779285728931427
197	0.9283999800682068	0.9276000261306763	0.776190459728241
198	0.9309666752815247	0.930733323097229	0.774476170539856
199	0.9294166564941406	0.9282666444778442	0.7744285464286804
200	0.9229166507720947	0.9222666621208191	0.7775238156318665
201	0.9294166564941406	0.9275333285331726	0.7862380743026733
202	0.9209166765213013	0.9196000099182129	0.7773809432983398
203	0.926883339881897	0.9273333549499512	0.7782381176948547
204	0.9326500296592712	0.9327333569526672	0.7814761996269226
205	0.9311833381652832	0.9315333366394043	0.7797142863273621
206	0.9260333180427551	0.9247999787330627	0.780047595500946
207	0.9299166798591614	0.9287999868392944	0.7872381210327148
208	0.9269166588783264	0.9248666763305664	0.7852380871772766
209	0.9284999966621399	0.9270666837692261	0.7838571667671204
210	0.9315166473388672	0.930400013923645	0.786809504032135
211	0.9300166964530945	0.9285333156585693	0.7790952324867249
212	0.925000011920929	0.9236666560173035	0.7751904726028442
213	0.9293666481971741	0.9286666512489319	0.7851428389549255
214	0.923633337020874	0.9222000241279602	0.7810476422309875
215	0.9280166625976562	0.9269333481788635	0.7768095135688782
216	0.9222000241279602	0.9222000241279602	0.7774285674095154
217	0.9315500259399414	0.9314666390419006	0.7831428647041321
218	0.9226999878883362	0.9243999719619751	0.7753333449363708
219	0.9309333562850952	0.9305999875068665	0.7835237979888916
220	0.930733323097229	0.9301333427429199	0.7858095169067383
221	0.9257000088691711	0.9266666769981384	0.782714307308197
222	0.9291333556175232	0.9296666383743286	0.7829047441482544
223	0.9315333366394043	0.9314000010490417	0.7890952229499817
224	0.9312999844551086	0.9282000064849854	0.7827619314193726
225	0.9296666383743286	0.9273333549499512	0.7830952405929565
226	0.9318833351135254	0.9308000206947327	0.7789523601531982
227	0.9267333149909973	0.9256666898727417	0.7879047393798828
228	0.933483362197876	0.9309333562850952	0.7862856984138489
229	0.9270166754722595	0.9255333542823792	0.7873333096504211
230	0.9325500130653381	0.9322666525840759	0.7842857241630554
231	0.9321833252906799	0.9312000274658203	0.7818571329116821
232	0.9322999715805054	0.9310666918754578	0.7878095507621765
233	0.9268333315849304	0.9276666641235352	0.7758095264434814
234	0.9290833473205566	0.9309333562850952	0.7804762125015259
235	0.9259666800498962	0.9258666634559631	0.7795237898826599
236	0.930316686630249	0.9276000261306763	0.7804762125015259
237	0.9338333606719971	0.9339333176612854	0.7850475907325745
238	0.9332500100135803	0.9318000078201294	0.782714307308197
239	0.9367166757583618	0.9361333250999451	0.7910476326942444
240	0.9286666512489319	0.9290666580200195	0.7801904678344727
241	0.9325166940689087	0.9314000010490417	0.7852857112884521
242	0.9359999895095825	0.9333333373069763	0.7926666736602783
243	0.9324666857719421	0.9304666519165039	0.7926190495491028
244	0.9272833466529846	0.9254000186920166	0.7797142863273621
245	0.9347500205039978	0.9349333047866821	0.7859523892402649
246	0.9324833154678345	0.9297999739646912	0.7853809595108032
247	0.9321333169937134	0.9305333495140076	0.7821428775787354
248	0.9275833368301392	0.9276000261306763	0.7838095426559448
249	0.9295833110809326	0.9286666512489319	0.7900000214576721
250	0.9348166584968567	0.9367333054542542	0.7846190333366394
251	0.928433358669281	0.9283333420753479	0.7816666960716248
252	0.9336833357810974	0.9334666728973389	0.7821905016899109
253	0.9310666918754578	0.9322666525840759	0.7876190543174744
254	0.9253000020980835	0.9225999712944031	0.7809523940086365
255	0.9259833097457886	0.9250666499137878	0.7802857160568237
256	0.9337166547775269	0.9323999881744385	0.7950952649116516
257	0.9350666403770447	0.9350000023841858	0.7921428680419922
258	0.9352499842643738	0.9321333169937134	0.7946190237998962
259	0.9332666397094727	0.9321333169937134	0.7951904535293579
260	0.930483341217041	0.9299333095550537	0.7887619137763977
261	0.9319333434104919	0.9315333366394043	0.7872856855392456
262	0.9303666949272156	0.9298666715621948	0.7832381129264832
263	0.9289500117301941	0.9269999861717224	0.7856190204620361
264	0.934416651725769	0.9332666397094727	0.7873809337615967
265	0.9324833154678345	0.9318000078201294	0.7851428389549255
266	0.9309999942779541	0.9319333434104919	0.7837619185447693
267	0.9367333054542542	0.9345999956130981	0.7873809337615967
268	0.9345333576202393	0.933733344078064	0.7927619218826294
269	0.9291333556175232	0.9287999868392944	0.7854285836219788
270	0.9276000261306763	0.9261999726295471	0.7881428599357605
271	0.9327333569526672	0.9330666661262512	0.7839523553848267
272	0.9377833604812622	0.9351333379745483	0.7895714044570923
273	0.9345999956130981	0.9320666790008545	0.7888571619987488
274	0.9327166676521301	0.9335333108901978	0.7906190752983093
275	0.9348333477973938	0.9345999956130981	0.7872856855392456
276	0.9406333565711975	0.9401333332061768	0.799047589302063
277	0.9333500266075134	0.9334666728973389	0.7883333563804626
278	0.9355000257492065	0.9328666925430298	0.7874761819839478
279	0.930899977684021	0.932533323764801	0.7895237803459167
280	0.9311166405677795	0.9294000267982483	0.7841428518295288
281	0.9364833235740662	0.934333324432373	0.7920952439308167
282	0.935366690158844	0.9351999759674072	0.7904285788536072
283	0.9343666434288025	0.9344000220298767	0.7872381210327148
284	0.9373000264167786	0.9372000098228455	0.7896666526794434
285	0.9264666438102722	0.9253333210945129	0.7859523892402649
286	0.9337999820709229	0.9342666864395142	0.7921428680419922
287	0.9380999803543091	0.937333345413208	0.7844761610031128
288	0.9391666650772095	0.9390666484832764	0.7926666736602783
289	0.9397333264350891	0.9393333196640015	0.795285701751709
290	0.9326833486557007	0.9318666458129883	0.7849047780036926
291	0.9340000152587891	0.9332000017166138	0.7862856984138489
292	0.9370333552360535	0.9362000226974487	0.7884761691093445
293	0.935616672039032	0.9346666932106018	0.786476194858551
294	0.9375333189964294	0.9370666742324829	0.7934761643409729
295	0.9354666471481323	0.9365333318710327	0.7906666398048401
296	0.9437333345413208	0.9435333609580994	0.7991428375244141
297	0.9414833188056946	0.940666675567627	0.8034762144088745
298	0.9349166750907898	0.9336666464805603	0.793666660785675
299	0.9408000111579895	0.9387999773025513	0.7989047765731812
